639 INDEX LOOORUM S. S. ΕΡ. IOHANNIS I.—APOOA11YPSIS. 340

033. Ι. Cap. IV.
3. - 5, 533. 3, 206. 353. 451. 555. 13. - 1, 666. 3333. 553. 666. 10,
6-m02ffl63 m

13. - 3, 662. 6, 206. 353. 12· - 6, ⁶2⁷·
13. - 1, 461. 2, 396. 7, 693.
(713Π. 1. -1, 719. 911. 912. 2, 477. 643. 15, .. 3333,
646. 5, 632. 6, 63. 6, 23. 16. - 1, 466. 2, 420.

' 566.11,466.16,14.
3. - 3, 333. 311535. 13153. 13.-3135,

6. - 3, 535. 066. v, 3. - 3, 453.

12.-Ιώ711ἓ.3 2, 390. 477. 8, 621- 4. -Ξδ1170 240. 416. 7, 451. 471.

13. - 7, 332. 6. - 1, 954. 2, 3586. 10, 212.
18. -1, 1036. 2,1065. 5, 410. 7. 8. - 2, 394. 8, 566. 9, 636.

19. - 1, 882. 2,’453. 717. 718. 8, 20, 333.
55. 321. 338. 12. - 1, 756. 773. 2, 565. 583.

20. - 2, 335. 335. 14 sq. - 2620. 533.
33. - 3, 262. . 16. - 5, 531.

27. - 1, 538. 2, 365. 395. 18. - 2, 240. 7, 359.

1. - 1, 024. 1126. 3, 533. 662, 2⁰· “ 4233}ssssss w 19³} ἐξ 36·

. 2' “ 21145674110130666. 2’53311340οζ 21' ” {6546146’ δὴ ⁹⁹ 431'588'

222. 465. 601. 8, 490.
3,-1, 777. 2, 588. 8, 54.
466. — 1, 466.

6. - 1, 534. 533. 335. 3, 133133. ΕΡ· IOHANNIS ΠΙ·
131535. 3, 133. 3, 333. 353. v. 9· - 10,,81.

9. - 2, 220. 240. 7, 205.

10. - 1, 607. 2131687. 4
14. - 7, 663.

15. -1,4ο9, 2, 295, ΕΡ. IUDAE.

16· - 1, 521· 2, ³54· v. 5. -- 1, 535. 2126. 335. 6, 315.
20. - 2, 433. 6, 123. 361.

22. -- 1, 906. 2, 631. 634. 8. - 7, 91.

23. - 1, 487. 9. - 1, 500. 507. 2, 123. 131.
24. -· 2, 306. 430. 583. 713. 7, 693. 10. - 7, 155. 177.

cap. 13. 1.-1,646. 1060. 2, 665. 6, 404 16.-6‚160.226.

7, 56.
2. - 7, 110.
3. - 1, 1010. 2, 1033. APOCALYPSIS.

ξ] ἶ {J 0754 ⁰0>- 1. 6. - 1, 066. 3, 353. 5131.

8, - 7, 356· 6. - l, 1033. 2, 367. 1063.
⁹· *⁸² 2¹¹· 062· 11 5. - 5, 533. 3, 453.

 

