661 . 1601621110001606486. 11664166. . 662»

016x1116'. 333. 5333. ’
5. - 6. 443. 3. - 3, 110.

6.—- 2,11016q. 4. - 1, 718. 720. 1007. 2, 342. 478.
8, , 8, 384Ι 6, 31. 7, 555. 9, 664. 10,

1²· ·· 2· ⁷⁷· 6 316923 533 122 966 2264
22. - 2, 460. '⁸ 6'42. 6'12 se'q. 616. 333. 46'1. 6.
641ffi mffmfflm69m.

1 . 12.
1· - 1. 298· 2, 62· 3. -10626, 533. 333. 120149. 666.

4. - 1. 621. 2, 373. 478. 557. 722. 6, 352.
5, - 9¹ 400· 9, 664.

7. -2.161. 170. 7,187. 6611. 7. -2, 371. 9, 626. ·
6.·- 8, 597. 8. - 1, 4621. 2, 363. 10,162.

9· ·-· 2, 35. 33- 3, 621 53. 2, 332 sq. 640. 3,
16. - 9, 460. · 661.

33. - 6. 269. 1. 112. 9, 666. 12· - 6, 23.

23. - 2, 99. 110. 6, 246. 3, 641. 13- ·- 2, 401.

3, 34. 3, 400. 616. 3343. Gap. 533. 1. - 3, 443.
, 24. - 3, 464. 1. - 3, 606.
26. - 1, 162. 2533535. 5, 232. 11. - 33322.

016. 3333. 5. -2, 16. . 16. - 1. 629. 2, 60. 232. 3, 335. 3, ‘
10, .. 3, 130· 223. 3, 234.

33, - 1, 539, 0611. 33. 3. - 1. 323. 533. 332. 2, 334. 335.

1233111211. 1} Ξ ᾗ ἐξ 2. - 9953599693. 333.

3. - 2, 250. 401. 6, 269. 7, 6.
cap. XLVIII. 9. -— 7, 469. 4. - 2, 362.

33. - 3, 325. 2, 434. 3. - 3, 694. 2, 460.

11. - 3, 533. 3. - 3, 610. 6. 640.

16. - 2, 102. 10. - 3, 691.

6. - 3, 353. 01111111. 1.-1‚694. 1101. 2. 453.
16. -w 1, 696. 924. 2, 353. 352. 2, .. 1, 402. 2, 233.

16. - 2, 333. 3. - 3, 333.
23. - 2, 1096. 3, 32. 3, 433. 1, - 2, 353,

016111. lg. - ἑ, ἓξ. 2, 323. 10. -1Ι,63ἓο. 1052. 2, 666. 5, 299.

04141111. 1. - 1. 692. 2, 610. ⁰⁵¹'ffl' {5253’138799
.- , 33. ’ ’ ’
I. .- 9, 933. 2178· 49. Σ I 495. 2553.
1016. - {03⁴² 253. 6, 638· 9. 21, , 5] 207, ’

333. 3333. 1. - 2. 33. 696. 3, 233. 299. 9, 019· 12111. 3· - 6, 323.
26. 616. 666. 664. 5. - 3, 669. 2, 333.

03726333· opera. 731 XXII.

 

