161 ΔΝΝΑΒΕΒ 1153. . 562

081116 1861 668666618661861 18118166 (16 686818- (16166 il proteat 166818668 866166 61 866816 (166686
16166 61 (16 18 6666 6861688881 1166 86 66118611 (168 61 1866818 66 16111668.
200 68 66118 66 666186611666661661 86166 1666 6611- 166168 6861168 8861681668616118 (16(111Μ1 Guil-
8816666 18116666. Meis desinent 868 6618 666866 66 186166, 6116681668161166666168661668161166
66166 8868 (1661816 66 6668611 (188 88861 (16616668 16811661618166616666 861611681 816. 8686686 681
66 general: 811111 118 886661 (1686186668 86186 18668 6816 8666816 686 18686 6816 61 66166 8611 66166
88686186688. 11816816 8666816666 8116111816 66 eon· 1668 6186886 88666 168 6116181668 nommement ledit
8811 (168 200 oomment 118 8861 86668 166 81666611 M· G. Ferel 81666 oheeoung 1661868 honneur 61
1861 demando 88166 8868. 11161688 661868 6611 (11866 8868666 66611( 661 8861 (118666 868666116
8666818 666 6666 1166 1666666661 61 8816661661 81166 66868 61 6611 661866 66686166 186 quand luy 61816811
868 16811168 81181168 186 doibge evoir ladvye (166 61 811 166 61811 (1666816 61 6611 8611 deffrio. 111 quand
861811116168666 de 18 religion evangelique 81661 11 86 8861168 81166666 166181116666 161166 8 666116
1616611168 66 1166186 6866 88816 (16 eux 66868686 (16116618186161 666 681 68181116 61 bien 66166166
68666661 1666 81868 86166 Dieu 681 (16 6866 dudit traetee 61 solidee. Item 681 6816 18161 618666816
81816661868 1681118 deux 68888166861886161661 118 666186168 168 parties 86 doibgent 661661688866 66
66 686111 61 666 8668161861 666 166 domeure oom- signe (16 6816 616. 0618666 61686666 8811166616
68616861688111 (Ray. (1( 0688811. foi. 177.) 18 61816 dudit Μο 118661 616611 8611 1666 6866 bon
1111618166 61 6666 861611661 6616666111 1868188611 1861

- 118661 veno ioy pour 18 querimonie 66681 01001111· (1118110 0008011101· 119 0)
666166 166 6666681168166 (1811666666 81 86 (66116118 ⁶ ,
66686166. 166816661166168686161666686166168- ·· 170110 1111111 11 1111111011 111 11110111 110311
(qffi 816ῑ88117 6661666 166 (1166 861866881668616661. 11111 111911, 11111· 111 1111111111 1111111117· 139·
’. o. 17 6.

1116866116 le.

- Ooneeil (168 deux 6668. Setient 818818 (16 06181816186888618668181.Ρ16666.
661116868611 (16 consulter 168 6611868 (16 Berne Zu-
6161 Β8816 (1181686. Lo 6168 grand voix deoide. unffi 66

(Mi 166 M. 0818111 oeoompegne (181161110116-
6861 8 6616868168 86866 666 166 681 6816 (1161
1666113. (16 18 6861 (1606118611 666 16186 08111161 pedo·

6606161666 aulem ministres, 105 sug 00 gogue (166186181186168181186 (116Ι 88 166861161 668
66118861866686111861616868166 8816166611186661 111111 (1111111111 11111111111111111111,1 11111 1111111111
66166168 666 86166668 (16 1816666888 86661 18161 1111111111111 (111 101 1111111111111111111111111111·
6661666 6181681118 686166 111 (16111. 118661 61 666 1111111111111· 111111 (11111 11111111 1111111111 1111111
66611 616818818οηί6 en eoolendre 61 (1881866666 (16 (1111110111 1111 (11111 1111111111 1111111111 11 11111111
1661166 666 8 1118666661 68666686 11 1661 18161 (16 111111111111· 111111 11111111 11111111111111111111
grandes remonstrenoee 61 866681661168 661661666 11111111 11111111 (1111111111 (111111111111 1 1111·
166 8861118 88816 8186866611866666 (1611166 etde 811111 1111111111 11111111 1011111111 1110111 (11 111111·
1661186 6811 66661666 86181666 81 gerde. 111111 1111111111· (Q 111 01111111· 111· 131)

Sus oe 6816816 8868 161111111161118666618661
6188616816 86661168 (168861166 86611( 666 186 (111 ,16681 88,

11111 1111111111 11111111 111· 111 1111111111 J 1 1111 1666816 6686 86 68616616 (16688666 66 86681-

(111111111111111111111111 1111111 111 11 11111 11111 1666 8886 61188186 eux Eglioee 6866 6611861166, 686
68186661 en 18 sale devant 666 8861 6816 86661168 un ambffldour (m 134),
dedens et 8861 6816 8868 61 8861 6616 16668 616-

816668 668688 61 enfin ledit 111 (1611186616 681 Μ 23·

oete 8668 66 66 quil 8 responde 6188616 68616 868 La lettre pour les egligon est leue et muigeo

1666 16816866166166186886166668666611611666168- apres mm de debm pom quil gembl„ que 00

ffi 66 66 66 66
quil 616. (1166118 (1668681161. 1866.)

666168 81616611( 86 corrigent (16 16668 81868 61

68 6616188616 11886186 16 eommung 66 1818666886

88611 886666 6611 6 816866666 (16 gene de 11668 18811130·

81 6611 66811 666 81 168 61616868 16688661 681686 Calvio e’aeeisie 6861118186ωά8 0668816166
sermon 118616 86 16688661 66161 61816618 616 61666 6886681186 1181118668ϋό68. (116618 oenone)

6881 666. ror xx1. 66

 

