155

Augustinus

Augustinus.

1115511 555555515551115. 111

8466. 9, 151. 56 Fortunatum5, 202. 18, 696. - 55515155 15 Ioannem: V VI. 1,.112 9231

56015115151,614. 2,831,56Η151·5521115151,
627. 2,845, 51,215 1126683 18 696 56
Η115115511,431. 2,259.56Η51151·5155111034,
2, 1058, 56 Ianuarium prima 1, 131. 610. 848.
853. 951. 1019, 2, 816. 882. 918, 961. 1041. 1068,
55555651,841, 2, 821.816. 6, 494. 9, 501. 10,
211. 56 Innocentium 1,431. 2, 259. 56 Μ555·
65515151,358. 2, 231. 56 Marcellinum 1, 106.
93911091115. 2,942.1103. 1109. 1, 481. 10,
206. 56 Maximum 1,488. 2,103. 1219. 56
Monaehos Caprasiae 1, 442. 2, 930. 5602151551
1, 484. 56 pascentium 1, 491. 2106, 1,315.
11, 561. 56 Paulinum l. 340. 346. 869. 812. 816,
2, 216, 223. 695. 102. 101. 1, 485. 581. 651. 683.
8, 166, 211. 261. 285. 56 Sinum 1, 346114.
868. 2, 223. 584, 694. 6, 331, 339 sq. 399. 7,
485, 8, 166. 21 1. 261. 280 sq. 285. 56 Valentinum
11311193.. 1111. 33110 1, 13 1111
300. 15110, 5611151551 1,131.369. 1021. 2,
245. 6, 299, 304. 309 354. sq. 380 sq. 7, 9.

- eontra Faustum lib. VI. 9156, 116. XIII. 2,
1031. 9,158.481. 503. lib. XV. 6. 358. 116.
XIX. 1,941. 952. 95655. 2,.945 956. 961. lib.
XX. 1,1033. 2,.1058 5,.549 1,.581 10, 195511.

18 704.-VIII. 1, 868, 2694. 6693. 9,.880
18,375. ΧΙ-Χ111.1,265.313. 2161851

2219,.452 15, 110. XV. 1954. 2958. XIX
16430 ΧΧ11111,193,ΧΧ1’-ΧΧ11111,,101
949. 951, 1019. 2952551161, 1036. 1041. 1,
112. 924551541158. 164. 442. 480. 503. 11,
153, XXIX- XXXI. 1361. 1000. 2,.235 10061
6, 314. XXXVH-XLI. 1, 350. 491. 869. 1000.
21066951006. 1, 324. 8, 693. 11, 561. 801.
XLV-L. 1, 323. 533. 543. 599, 111. 1361851.
951.1008.2,195,382. 494. 501. 753. 815. 8.

961. 10251028. 6266380, 1,19.29.656 8,
331. 9, 77. 113 502. 510. LII. 11111, 1, 320.
461. 862. 2192 680 6,.315 1,..9414 14,
484. LVIII. LIX 2,1.036 8665 9,.21 1601

481. 503. LXII 9,.27 LXXIX. LXXX. 1414

940sq 1061. 2431. 943 55 1061. 5,454. 6,

161. 1, 20. 9, 21. 111ΧΧ111.1,11612,492.
6..486 1, 583. XCV.q.s 1,1631 2,4,31 856,

0111-ΧΙ11,526.2,.31011382 18, 696. OXXIV.

7, 19. 11551. 15 epist. 9, 452.

- eon tra Iulianum 14, 490. spec. 116. Ι. 1, 320.
318. 2192 14485, 11611,1,348.3501415.

2291, 441. 443. 5,.522 6294 1,421, lib. IV.

1,,388156.22125666354.1,416.8166.

lib. XXI. 83341 116. XXII. 6, 300. lib. XXX ’ 211. lib. V. 1, 353. 2226. 699. 5,.523 1,428.
1,.669 2911. Irb XXXII 1,.295 2,.58 et 8,166.211.280.288.302.359. 9, 307.

praeterea non 15615515 loeo 1, 806. 2,.311 9,.60 ἡ contra adversarios legis l 375 ¹034 2270
- 65 actis eum Feliee6, 300. 10581 1,.519 15, 289.

- 65 fide adPerum11033. 1018. 2,.10581078. .. mun-fl Maximum 1 842 2862

9'881 -de moribus ecelesiae: 1, 442. 2,.930 10,196,

-655151165516551511555155111,669,2,.911

- 65 natura et gratia 1, 323, 339. 428. 2195.
214. 256. 6, 299. 320. 341.

- 65 opere monaehorum: 1, 267. 444. 448. 1083.

- 65 fide 51 symbolo 1, 533, 1009. 2, 383. 1026,
- eontra epistolam fundamenti 1, 294 sq. 2, 51.
- eontra Gaudentium l, 733. 2, 491.

- de Genesi ad literam 1, 321. 864. 874. 886. 2,
193. 682. 705. 123. 5, 1811 8, 311, 360.

-155115111111111111111111 1515. 2118143. 2 ¹8· 930· 932· 866 ¹085 6 409
⁷⁰⁰· ⁸3¹² -1111515 5551.

-65215115 011115041310344· 2 4482241744 —eontraParmenianum:1,.548 664. 666 912 1034.
6, 309· 3 214· 1037. 2, 646 159. 912sq. 9741059. 66831011,

- 65 gratia Dei eontra 0551551155516, 299. 331 ll, 706

—de gratia et libero arbitrio 56 Valentinuml, -de peecatorum meritis: 1, 268. 311. 333. 341.
319, 356. 361. 431. 196. 2, 191229, 235. 259. 601. 414126 2 20 182 206 211 431 485 6304
6, 315. 320. 325. 342. 3581 368. 372. 380. 386. 7, 311 sq. 320. 35355. 7, 7. 9. 33. 444. 683. 8, 166
446,,415 8,.359 9308, 14 48455 211. 302 358 14 486 sq

-de haeresibus 56 Quodvultdenm5, 171. 6,.260 - eontra Pele-granorum epistolas: 14, 486 sq 18, 314.
- hypognosticon 6. 3⁰6· 310· 391. -11 porretano 11111515 1, 5511. ase. 2, 111

 

