473 INDEX HISTORIGUS VIL-VIR. 474

71116566, prevot 116Ρ611617, 548.

71116161666, Ν16. 11616611 116666111161 66166166

71161 16. minister Purisiensis 18, 646. 654.

16, 66.,

Β16611166616 16, 279. 437. 440. 17, 86. 318. 7116166 Ρ61166 minister Leusonnae 105, 54.

0666166666 provocat 18, 149. 666116 Calvinum
scribit 15111. 573. 21, 734. 751.

7111716έιίἱ11166 reginae scribit de persequutionibus

Villemongey‚ de, 17, 82. 97. 118. 645. 18,
4281 6166111166 19, 275.

7111616666 Nic. 611616161Ρ6116166616 16, 686.

7111616656 Ρ611. minister 17, 71611. 16 6616
1761611666 15111. 136. 116116 15111. 327. 16 Β61·
gerac 19, 4. 6616161 18, 595. 6616616166116
oid. 586. 19, 4. 125. 6161666661115111.136.
66 6161166120, 480. 61. 615. 21, 745.

11611 16, 114. 611.

7111161 171666. (Proll. VII. 38. 13, 204. 489) 1.
Η6161666.

7111161 (0111611. 1161661661) advocatus 61 theologus
16, 684. 20, 410 66. 570.

7111161166 Willierius) 1666666666160) 13,107.
262. 292. 9432.

71111616,116, 15, 170. 179.
7116666661. 7711666666.
7161661 civis Genevensis 13, 552.
7166116 20, 389.

7166116620, 363.

71565361 Ant. typographus Proll. 6,12. 19, 2.

7166661 Ρ611. minister Tononiansis 19, 290.

716666116. Reliquiae ibi asservatae 6, 422.

Vincentius Turioensis 105, 155. Metanoia 12,
{Piau s,A Γ1111111161116666 14, 653. 1. quoque 116-

1111111111. 11, 161, 16.
716116616,Η161. 6161111 11, 32.

71666666 Valdensium minister 20, 573. An 1116
qui Vinea 21, 6687 “

716166166616 legatus Anglus Ratisbonae 11,
177. marchio 14, 411.

71616 01666. consiliarius parlamenti 17, 547.

061616 postpositus 15111. 66. 61 oppositus ibid.
81 sq. 85. 409. 11, 2. 15. 46. 6611661666
Β6166661566105. 70. 16666616166166 21, 194.
06661661 arcessitus 105, 71. 20, 372. 6661
1616161116 Β616666156666666111166ι 1611 105, 146.
Generum mittitur in 66666 0611161 ibid. 199.
206. Basileam prolecturus dissuadetur ibid. 224.
1166666666 611666 5666 habitus 15111. 262 sq. 303.
11, 19. 714. 13, 613. 0666166 concionatur
lOb, 336. 0611166 66161 661 6106661616 1611661
11, 93. Geneveusibus 661661661161610611166 661-
finiendus 1517119698. 100. 110. abiis vocatur
15111. 118. 16661166661 sequitur 15111. 123. 144.
147. 149. 222. 21. 64. 131. 116 0611166 1616-
666116 sategit 11, 153. 206. aLausenuensibua
revocatus 1661616 6511661 6 Senatu ibid. 162 sq.
228. 241. 281. 322. 378. 384. 387 ss. 395. 404.
eausam piorum Gallorum agit 15111. 206. Neo-
comum mittitur ad 6611661166 161566 15111293.
296. 116116666616 161111 15111. 411. 417. 66616616-
161116 disciplinatum Β6166661566 15111. 65766.
13, 94. 116666 Generum 1666161 11, 695. 710.

722. 6661661616 01566616 recipit 12, 164176. ’

212. 15,11. 13. Ν666616616 61111116 eligendo
ministro 12, 267. 270. Β66116661 proficiscitur 611
Fallesium 15111. 496 sq. 603. 6 Β616611566 citatur
15111. 680. 688. 716. 718. 721. 13261124. 55.
162611. 166 eq. 173. 177. 65 epistolam ipsi sub·
reptem 6161661166 6651115111. 43. 50. 54. 90. 21,
434 66. 16 6166116 Β6166661 13, 240. 328. Ber-

' 6661 mittitur de colloquiis 6616166 thid. 413. 447.

451. 478. 61. 536. 631. 116 666 61611666 desperat
14, 349. 17, 300. 61616 audit Bernae 15, 718.
1166616 7116116116 61 Β6116116116 15, 897. 16, 26.
41 sq. 45. 71. 74. 77. 228. 253. 402. 533. 17,
40. 75. 104. 21, 660. 01661166116161616116.
110. 16 absentie Caluini 0666166 concionatur
15111. 277. 280. aLansanneneibus 0666166 6666-
66161 15111. 598. 624 66. 645. 663 sq. 699. 116
abdicatione cogitat 15111. 663. 688. Beruenses 61111
116 disciplina 17, 150293. 16 6616616 discrimine
versatur 15111. 394. 401. 404. 6666616 611161-
616116161666661 15111. 409. 651116616115111. 411.
439. 461 sq. 469. 486 sq. 06661661 166616120,
464. 66166116661117,496. 18,131. 66 6666616
catastrophes neget 17, 511. 61111616 1166616121,
725. reprehenditur a Calvino 20, 488.

- 06661616 relinquit 18, 383. Lutetiam vocandus

15111721. 19, 225. 259. Ν616666661 petit 18,
719. 19, 3. 92. 149. 11661616 Ρ6666166661 itta.
357. 161666615ίά. 379. desideretur Igolismee
15111. 139. praesidet synodo 0661166166 15111. 150.

 

