666 ΔΝΝΔΙιΕΒ 1660. 466

666616 666116 66 666 666616666 66666661616666 1616666 666666 666 6666616 666 6666666666616 6661681061-
16666616 6166 611616 666 6666661616 616166 66616666 616 611 16 6666666666 66166 16616 66666666
666116 exhorta ludite 6661666116 6166666 16 661116 666 ο 61666 6616611166 6611 6616 666616 666666 ee·
de Puequee 66 66666 eux heuree diet quelle 66 6166 616666 66 6666661 6666666 16 eene luy 66616 este
666166 6666611166 66 166616 66 6166 quelle een 6166· 661166666 6 66666 6611 6661616166 6666661616 661116
6166666 66 66666 heure en event 6616 666 vous 66 66 6666166 16 1666 66166666. 16661616666166 66-
66666 6666 66661666666 16616 666116 6666666 161 monae-aneos 6666666616 6666 6616666666 66 66616 e
6666 666 666616666616166666661681116661666 M01eeymond. (1166. 616 0666166166.)
666 66666616 16 meri quil 6666666616666661661666666
66 116666 611 6666616 666666 66 66 6166616666.
(3666166 ⁸ '0,) Dlmmho 15.
(3616166 [611 16 6161161166 ὰ 0616666 66 1766-
666666. amere. (1666. de 16 766 06666. A. 6. 96. Semne
Ε66616666 asemel& (116666066661116146.) 6666 pour inuisitatem 6161666666 66666066 610166-
eet. Pour 164916 11661666 ne (611 nemon d’aum
1666161. 6161166166οῇ66ὼᾶ666611666;1166661666666666666
comme. lehun 1616666 66 66 femme 66· 1551.)
661666 166666 1616666166 6666666666666 6 6666616
66 6166 611 66666 666 666666666666 666116 porte 66 smodi 81.
6661661666 666 1666666 6666666661 166616 6666666 carolus nouamque (1616166 episeopus 1116166·
66 66 ee 661666666 11616666 6666616666 616 616 creetur.
166666666 66 66116 16666616 66666 666 plusieurs 1616
ileu 6 1666616 66 66616611 66 66666 661166666 senui 66. Ι
6666 166661. 1666666666 616116 66 66616 666 66- Ρ66666661666666 66 Ρ16666 (1666 666 61616 66-
666666 6 16 666666 66166 66661161 616 666 6116 66 6661 16 consistere 66 66666666 666 161 deam 16 0666-
66666 que reepoudre. 16666 66166166166666116 66 6661 pour 66616 aum devant 66 maison 6616616
66 amende, meeme 6611 6 6 166166 16666 66666 66616 1666 de 16 S. 1666. (1166. du 0666161666.)
6666161 666166 161666 66 11666666666 66161666

66 16166 16 16666 . . . . A ateste 66 66666666 6 - 06161666166166161661 Oommeetun'um 16

toute 16 166 6666116 66 66666 166666 66 event 66166 6666616666 11661 Thessalonicam. (116. 1386.)
666 6666 6666166666 666 1666666 66 promis que 66 666·
66666 66 666 meri 6116166166666666166 666666 66 1661661111.

1666 1666666. (1166. du 0661666166.) 06666611 66661166.

16666661 16. 1116666666 16.
1611666616 (16666 6666666666 66166. (1166. du 061616 66661166 666616 6 S. (1666616.
Oenea fol. 8 6616.) 1166. 1611. mmm·

Diuuehel. 11666166 Foneellet 666 666616 666 16 666616·
061616 66611 uu 6666616 ὰ Β. (1666616. 66166 6666 66616 666 66 6666116 666666666166 et
eomuueulx (1) 6661666 66 66661666166 66666 66616
1666616. 6666 reprimendo 666616 666 16 666666 66 66666. 11
6661666666616166 du 666616166611661 66166616 prom 66 serapeum. (1166606666661661376.)
6616666666666661666166166666666. (116666
(mea, sol, η) ueterem 1.

Μ 12 7666661666 Beuum 66611. (Ep. 1387.)

Cumauam. Rellend 166666 666661 166666 16611 1⁰·
1616666 remonstreneee 666666 6611 66 6161666 de (1661616166. 11611666 661666666 6666616616 666
1611666666 11666666 66666 6666, 66 66616616 6666 1616666 166 6666666666666 66 ee quil 666
11· 11666666 1666 16166 66 6666 666 6666 66166 16166 666 6666 mel 16166 de 16166 666 166611( )
honeste 66 666 6666 66166 161666 dung 1666 ministre pour 6661166666 66666611 616166 666 16666 uu 6611166.
6616666616 66116666 16666666 666Μ6661666616- Δ 6666 6 responde quil 666 661666 66 ee exeueent

661666 1116666 66 6661666 666611666666666 eux remone- quil 1666 m 66 616 666 quelque moyen de.
6666666 66 Μ. 061616 66666 166 1166 16 remone- (1166. 616 )

&bieima- 761. m 60

 

