259 INDEX mauoltlous BAV—BER. 260

30011100 sanator Sohatihusianos 14, 710.

Bayfius Lar. lagatus Gallus 8, 20. 11, 51. 66.
68. 14,172. 178. 18, 494. 19, 177.

30000 00010010 18, 597. 19, 112. 239.
30000, 010100 eoolssiastious 20, 85 00. 216 00.
30010030000000 12, 248.

300100 minister 30000010 16, 140.

Beatus v. 300, Comes, 000000.

- 000010 00101 15, 635.

30001100, 3001000 00 (Hortor) 20, 606.

3000110010. minister in Campania 17, 153. 19,
9. 103 00. 20, 290.

30000001, 00, 14, 337 (0. quoquo 000010).
300000 00010010 19, 190.

Bsaupar v. Ohasssboouf.

Bppppsgard, ds, 18, 679. (Oh. 3000100 21,

30301001 00011 (Boisrigault) 1000100 regius 12, 634.

30000010 oppidum: tumultuatur 18, 467.
- 00000 0. 01101111οο 0001.

3050110. typographus 1011, 48. ι
3011001100. 10100 000001000100010 12, 229.
3000001010. Looarnsnsis 13, 369. 15, 202.
30000 10110. 00001 000100 15, 554. 781.

30310001 (0401000. 3000010001 01) 15, 720. 18, 75.

300001 Iao. professor 0000010001000101. Ρο011. p.
36. 1011, 250. 266. 320. 348. 370. 396. 390. 11,

42. 60. 99. 117 ss. 208. 237. 242. 248. 255. 266.
299. 310. 380. 410.

300010 30000. 00001000 (1000000010 12, 547. 568.
000150 0000100 15, 209.

30100000 30000000 12, 52.

30101 300111. minister in 001010000 18, 451.
30100001 30010. Gallus exsul 16, 286.
3011101020, 413.

3010003000ἰηί 000100100 instaurant 18, 29.
- 301011010100 00000 0000001100 12, 214. 375.

3010001101 Lod. 0001000 0000000010 12, 642.

301100 010110 (1562) 100101 19, 238. 302. 340.
inoipit 360. 372. 383. 388. 433. 465. 470. 474.
511 00. 521. 0100 historia 545. 597 ss. 633.
637 00. 647 00. 66200. 20, 18 00. finis 19, 681.

-10100001100 01 Germanos (1544) 11, 710. 732.
(1554) 15, 140. 231.

- 8001001010οω 12, 448. 459. 511. 537. 543.
- 0110 11, 413 00. 16, 573. 19, 344.
3011010 19, 83.

30110100 (14, 528) 0. Du Ballay.
3011000000 16, 226.

Bo3 1214 00010 010 nobilis 10 0010 0001100 14, 263.

3011001000. 00000.

3011100 Mart. pseudonymus 15, 95. 97. 102. 121.
13400. 166 00. 189. 440. 461. 466. 555. 634. 710.
ι1011001. 20, 132. 21,149. 0. 000000 000-

3011000010000 11, 521. 640.

30110000, 00, 14, 337.

30101 anabaptista 12, 256.
3011000 v. Bautrud.

300001 01000 13, 217.
300001 praefocatus 00110011 trinitatis 20, 284.

3000010100. Varii huius nominis 1011, 422. 12,
686. 15, 750. 16, 114. 218.

300000010017,126.

Bo8 121 gay 0000100 0000000010 8, 737. 742. 778. 798. ¹
· 1

3000 cardinalis 9, 885.

30001000 30000. professor 1. 0000000000000010,

68. 16,114. 00100 0100δο100001οο 15, 263. 633.
636. 715. 751. 01 1100000000 15, 377. 671. 701. 751.
793. 840. 17, 38. 372. Genava 0111110674. 719.
747. 300000000 adit 00 010010110017,293. dimit·
titur 17, 461. 477. 19, 10. Aureliae exspectatur
19, 313. Vids prootsroa 9, 342. 358. 16, 3. 27.
227. 18, 131. 214. 712. 21, 725. ’

301ἑο001010 0050. 1011000000010 martyr 13, 640.
, .

3000111010 11, 15 (0100301100).

 

