10- 3,.521 7 353

19- 1, 309. 523. 745 954 2,178. 371.
388. 536. 539. 545. 552. 958. 7,
449. 8, 539. 10, 161. 166168.

20.-1,361..429 2,2..34258 6,347.

, 603 INDEX 1900011016 S. S. ΑΒ 3901141108.
Oap. V. 099. VII.

23.-·- 6,279. 7,.119 557.

24.- 1,1146. 2,.526542..,9695 ¹

1'94. 4, 204. 331. 420. 499.

25.- 1347 8219

.Qu-&206⁸ ORQVHIffl-l 1,.7212,479.5,.206522.7 ,

999. 99. 1. - 2, 24.
9-999
0. - 1, 9999. 900. 9, 994. 9, 309.

4. —- 1, 403. 689. 983. 1071. 2, 289.
438. 991. 1071. 5, 350. 522. 6,
ΞῗρΙΙΠ. 7, 703. 704. 8, 320. 9,

5.- 51,28 532. 2,.374 5,.336

6σ-ἕό1587,6,11..6398 71160.

4 9 414.
9. - 9, 999. 949.
9. - 9, 200. 4, 999.

12. -- 1. 350. 832. 2, 443. 616. 5, 339.
520. 7, 359. 461. 19, 673.

13. - 2, 738. 7, 559.

14. - 5, 519. 7, 203.

ffi-QQ

16 sq. -6 279. 293. 307.

18.-1777. 1125. 2, 587.
· 19. -1, 884. 2, 721.

20. - 8, 343.

99. - 9, 499. 421. 409. 2, 300 sq. 449.
999. 3203. 9, 120. 334.

fflfflmffizm
4-4339ffl.
9-99.

4. - 1, 999. 499. 9044. 2, 234. 999.
441. 449. 9, 999. 330. 9, 99. 403.

10. .- 9, 999.
43. - 9, 949.

14. - 9, 349. 340. 2, 999. 9, 999. 9,
203. 9, 312.

13. .. 9, 334 2. 2004. 4, 334.
10. - 0, 203. 999. 9, 204. 426.

1999. - 1, 334. 2, 2089. 7, 461. 9,
218. 622.

22. - 2, 208.

129204359425.
2.· 1346. 5,519.

3,- 1, 428. 468. 527. 720. 754. 2,
257. 343. 348. 352. 373. 425.
478. 548. 552. 5, 524 7, 109.

ἓξὲ, 8,.633 931210168.

4.- 9, 344. 4, 499.
0. - 9, 999. 000. 2. 200. 499. 4, 9.

. 9. 9. - 9, 994. 9, 999. 9, 999. 999.

7, 233. 554. 8171219324.

9. - 9, 490. 1004. 2, 103393400.
9, 499. 994.

19. - 1, 999. 403. 9, 999. 999. 410.
9, 994. 4,121. 034. 999.

, 11. - 2. 303. 430. 0, 444. 13, 999.

13. - 9, 203. 19. 043.
14- 1441. 9,.499 9999. 9,444

15,- 1, 824. 878. 1081. 2, 335. 357.
395. 711. 1082. 6466 7,.456
464 602. 9,.628718. 10164.

14712430 5183196.
16Ἐὲ 5ἓά466. 7,113. 120222.

14. - 1. 499. 9, 341. 4, 499. 999. 9.
999. 9, 490. 999.

0-m32ffi402w3
3-1m44ww3433
6-99

22. - 2, 999. 949. 9, 239. 4,110.
329. 330.

24. .- 9, 494 499. 004. 2, 431. 499.
99. - 9, 499.

26. νῦν ὲ19903. 905. 2, 625. 629. 729.

27 99. -8, 96.
28- 8, 217. 304* 3191..345
29.-1,346.358.775. 1136. 2231.

350. 393. 515. 585. 711. 5, 549. ’

62339 7,.891959480 8
210. 345. 398,

 

