6116 ANNALES 1663. 6116

66 6611 6661161 661 166 6666166666 66 M. (161616 61 6666661668611666 666166616666661166 16116166 66

161661666 661 6116616666 166 66661666 666 66611666 86666166666616 des lettres de Β6166 66 661166

66 Berne 66 661166 66 (16611666 61 66 86616 6661 66 (16611666 61 dsBesls. Arreste quon les treus·

616611 6166 6616 1661 66666 61 6 6611666666 6666661 1616. (1166. du 0666611. sol. 166.) 0666166 VIII. 6111.

6 16 u. 6..
p ( l 1666166120.

1111666666 26 6666166666 666 lettres des 6166116616 6616666111

Calvia marie 6666 6666166 ὰ 8. Ρ16116. 66 666166, 66 Β6616, 66 86611666 6166 86666 aussi

666 166 1616161666 66 6661 6661161 16616 66616 666116

0011081111. 11166161 86666166 61 166166 66166661 6616616 66

Dlmwhel· 6616 plus amplement sur 166161 affaire. (1166. du
6161161666 coronatur. 0666611161. 166.) 0666166 VIII. 823.

Vendrsdl 6. 1116166666 22.

Rredieenten 616Ι 66666 666 116611 611 666116 0616111 mare 11616 66161166 11 S. Peme.
’66ῗῖῙέ l 1⁰ ἷεῗὲιῖιζζ1111ῑῖ111ξὲ1ῌέῘέ 1611111111 611616
sy 61166666 661 616666 666166 666111 666 6. 66611 86666166. 86166 666 pour 16661666 06666111
66116661166666 6661661666 6116 6661666661 66161661 66611 6616 666666 1666666166 8166666 pour 66611
6616111161 666 6666616661 werden. (Berner 1161116- 66616 6166666116 666 6116161666 666 1116611666 <lessus
Manuale.) 666 responsas: lequel Gernoz 6 66666616 16666616

66616 61 6 66116166 666 1166616616 66 661166 6661

1111111110· point 6611111 6666616616 6616661 66 166 61 166 1616661

866 1666666616 66 Μ16661 86666166166 don· 11666 666611 11166616 661 166 6611161666166161 666661
661 66616666 61 66 16 666116 666 16 6666661 61 6661666616 616666616166.
contre 16 froid: 6116616 666 16 ι81. 866616 1166166 66661 1616166 1661666 666 66616 6166666116666
61 Boset 6 61166161666 16 616616 Dsrlod 1616616116 1166116666 66 86166 66 (166616 66 Β6616 61 8611616
166 6661661666 6666666666. (1166. du (11116611. fol. 666666 666166166 666666 61 66116166 6116 66 66661
162 6.) 0666166 17111861. per Μ1661618616616 666166 16 1116116 61 6616616

66116 du pere 1116 616616616661116 61 6611666 6116611,

«leudi 12· lesqueulx par leur 6666161 66616 16666661 6616616611

Ρ16616616116611166616 6661 11666116 deame 6611· 61 66166116616 66 166166 66611166 61 6166 6611661661
essem pour avoir 1166111111 666 6116666616 61 661161- 66 11666166 16661166666666116 861666616116161616·
166 66166166661616616 66666 661166666 661 1166616616 1166 661666661116. 861 quoy 6 6616 6166616 Qus
. . . 66616 6666166 66616116 666661Μ666161116 . . . lon 16 6116 16166 6666661166 61666 [1666166166116161]
61666 666166666111666 6166616666661 6616666 61 166166116 6 6116 61661 61 166 6611 6611116 6661
Christ en 66616 66116116 661 116661666 e 16 vierge 6666616666166 (16666 61 Ρ16116 066161, 61 661
1161161 6616661661 que 66616661161 6611 661 imprime 616661 16 06666116 6611 66616666 sous 16 66161661
611166 616661 61166666. (11666606611616116) pour 66 16166 1116661661. (1166. du 0666611. sol. 168.)

Jouffi 19· Oeuvres VIII. 823.

0666161666. 116 nmmo* Vulls'ods' est 666666 - (Selenes 66116 61661.) Appres avoir 6616666 1

6666161111 666 66661 666 061616 16666 66 66616 166 1666166666 66661 611666 61 1611661 6616666666

61116166 6666611 1166666161 666666 16161166 pour 161616 666616616 166616 666 6616661166 ministres des ⁴

6611666 661611 6116 66 6661116. 11616 666 666 616· Ε6116661ο66161161116166161166616 Μ166611866661
16666 6661661 666616 6666166 666166161166661661 6 6666 16 bonne 6616616 66 6166616666 61 6116 616161

661666 61 que 6 6661611 666 666 6166 1661611116 . .. 66 1666 616116. (1166. du 06116611.161169.)0661111
11661666666111116666111666 6616166166 66161 VIII. 826.

6166666611 ne 6666611666 6661166661, 6166666181 1666
66611 6616661616616616666 061161 6616166166616- 1611ᾱί 26.
666 6 666611 666666 61666 66 6616616. 1666666616 Gonss'slolre. 1161166616...(1) 6111666 16 66116·
une 661116 66666 propos 61 demands 6161666 6661 166 1166 66611616666 (16111661866666 6111611161.
661666. Le 26 16 elne 1111 661 delendae 6161-11111116 166616 66 66116 6666661666666161166661661611161·
1666661 devant le 66116611. (1166116 0666161666.) 11661 6 66 66611616 laquelle on 6 66 6616666666
16616181666616 6 66 16666 616661 16 666616. Α
- 166666166 161666 6666 666666 6611666666 61616611 6616166 61 666166161866666 16 66 dung

l

 

