Α. Ἀκόλουθος l, 182. 1084. 2, 1083.

3151918, 301. ’1411ρά15111 5, 17.

’15155 1, 554. 11, 114. 'anetam 11, 488.

2111151119, 376. 378. Ἄτρόαμα 11, 453.

1111551411. 1511. 1111. 11114. 11515515, 111.

Ἄγρυπνία 11, 469. 'inolitus 13, 852.

’1151555 8. 488. 18, 181. ’1111511 11. 434.

2111115, 114. 15115 11, 151.

1155111 1,188. 888. 11, 844. 15, 888. 551. ’11111111181111 13141· 111161.
, 81, 111. 1115551451. 15, 515.

:mg ¹1³3 5ἒὲ ’metm 15, 100.

' ' 1111551, 511.
ΞΣΞΞΖῊᾚ· 11151115 1, 151.
1555511551. 11151. :Zm‘zglss' ²⁶2 ⁹⁷⁹·
'¹⁸⁰2‘ ¹⁶' ⁸4· 1111515115. 1111.

’Δείδιος 13, 41. ’Ἅλφιια 20, 318.
Ἅιροβατεῖν 7, 527. ·

Ἄθεῐσμός 13, 341.
’Ἄθως 11, 684.

Αἷματοείς 5, 93. 'Apum 1, 122. Hm·

⁴2⁰* 1¹⁹ 4⁹¹· ’mm 11, 551. 11, 155. 1111. 18, 888. 18,
151555 5, 180. 818. 11151. 11, 151. 111.

Mne 6, 262. 'flamus 15,122.
Ἄεέφαλος 2, 346. Ἀμῦητος 19, 213.
’Ama‘ 11, 453. 471. 18, 722. Ἀναγκαῖος 20, 375.

 

