543 INDEX LOOORUII S. S. PSALMI.

2611111121. 64116211. 5. - 2, 666.
ffi-fflffizffiffffa nnmmh1w2ffia

11. mvn. ⁷· - 8 428· 1²1. 111111. 261. - 1, 813. 2, 626.

Ps. XXXVIII. 2. — 1, 725. 2, 483. 9611.-7,137“.
6. - 1,707. 2, 469. 19. - 5, 178.

8· - 7. 415· 64. L. 12. - 2, 626.

6111111111. 10. -2, 180. 8, 382. 14. - 6, 666. 266.
ffi-mffizffl· 6-ω6ω66266

14. - 2, 642. 6, 228. 21621611. ,6 - ξ54,246. ³44. 6. 66. 2, 26.

1²1. XL. 4. - 1, 918. 2, 654. 23. - 1, 1033. 2, 1063.

6. -1 2, 154.
7· , 8, ,9, 6.- 1, 262. 2, 464.

6. -2 621. 6. 6. - 2, 126. 646. 266. 6, 611,
ῃ,1Μ mffl8m

7. - 1, 308. 2, 180. 448. 633. 088.
13· - 2, 48· 7, 353. 0, 716.

5· ““ 1, w. 2, 637, 8· ““ 11 980·
9· ““ 5 207. 12· “” l, 342· 21 mm m· 218· 61
’ 126. 662616. 2, 6. 444. 666.

-3, 411. 17.-2, 664
3. .. 2, 1018. 19. - 2, 643. 11632. 6, 366. 7, 641.
3. - 1, 701. 2, 463. 6, 6126. ,ΛΜ 1136.

6. - 2, 412. 6. - 2, 662.

- 6, 219, 10. - 1, 813. 2, 324.
3. - 9, 84. 11. - 5, 228. 7, 137.

4.-6, 631. , , 1.-2, 39.

5. - 2, 412.
6, - 8, 411, 12. - 10, 246.

16. - 5, 223. 7, 136.

4. - 2, 664. 23. - 1, 813883. 2, 166. 324.

21. - 2, 666. ,
23. - 6, 462. 6. - 1, 666. 2, 164.

10. - 2, 636.

P1. XLV. - 11, 675. 688. 13. - 1, 440. 2, 928.
· 7. - 1, 483. 2. 96. 348. 9, 666. 11,-6664,

6. - 1, 614. 2, 666. 1101. 6,
131. 6, 16. 6, 622. 21. 1111. 11. - 2, 222.

11. - 1, 266. 2, 18. 8, 449. 11,, Lx, 14, .. 6, 369,

12· ..6,166. 16. 1111. 6. - 1, 446. 6, 226. 1162.
1³1. XLVI. - 6, 211.

3, -. 2, 238, Pu· LXII. 10. - 1, 336. 2, 210.

661. - 1, 641. 2246. 21. 111111. 4. - 1, 466. 261. 2, 421. 662.

6-66 6-16
cam· opera. 261. 112111. 66

 

