631 INDEX LOOORUM S. 8. AD 91110'911191911 11.-111 HEBRAEOS. 632

22212. 111 111113161909.

Z] J ξ’ ῗὲξ2 922222 2221. 1. - 1, 66* 661. 1042. 2, 212. 222,

6w6m69

9· ·· 9, 999· 2. - 1, 1222. 2, 95. 1065. 6, 21. 26
9. - 9, 666. 652. 2, 566.

8. - 1, 358. 2, 231. 607. 733. 6, 3, ,, 1, 477, 435, 4939. 533, 2, 92.⁸

33⁷· 9, 465- . 22. 146. 662. 2, 521. 556. 566.
12. - 2, 56. 2, 222. 919.

14. - 2, 742. 8, 56. 4· , 1, 501· 2124
1⁶· *1999 9· 991· 2. - 2, 222. 9, 222. 222.
2.-1, 424, 2, 22. 112.
AD ,mm 6. - 1, 569. 2, 222.
2-222
222. 9. 1. - 2, 422. 222. 12. - ε1,,5424. 2, 22. 112. 112. 2, 100.
2. - 6, 690. ·

6. - 1, 566. 690. 1066. 1060. 2, 962. 11· - 1368.
966. 14. ÷ 2, 646.

2. - 2, 1313} 1212222991· 91497· 22211. 4- 1, 264. 2', 16.

’2,..1μ2266ο 2, 782· 784· 9. — 2, 355. 9, 405. 717.

9. - 1, 565. 666. 2, 961. 5, 265. 294. 9· - ¹» 599· 998· 2,116. 311 .
16. - 2, 422, 11. - 1, 510. 2, 242. 222. 9,106. 10,

15. - 1,·142. 224. 2, 616. 1402. 9, 261. ,2 ,, 27122, ’
569. 9, 695. · ’ ·

16. -7 1,, 851 14.-1,526. 2242. 694. 244 2222.
‚ ›- 0m9910mstu

0819. Π. 2. - 2, 408. 15. - 2, 377.
10. - 8, 50. 16. - 1, 501. 519. 2,124. 348. 350.
11. -·· 2, 343. 5079. 587. 7, 462. 7,106. 10,172.
12. - 1, 777. 2, 729. 9, 757. 18, 623. 17. - 7,106. 9, 339. 351.
13. -1, 1147. 2, 527. 7, 556, osam· 1· ,9, 611·
14. - 5, 374. 527. 9, 758. 2⁸⁸. ,, 7, 229ί

0411111. 1.-1, 1119. 2,1111. 955. - 2, 299.
4. - 1, 609. 696. 959. 2, 245. 569. 12. - 2, 221.

965. 12. - 1, 422. 2, 222.
2. - 1, 996. 966. 992. 2499. 962. ,2 - 1, 453, 2, 411,

990. 1021. 6, 69. 49. 9, 566.
559. 565. 902. 2, 696. 995. 061). lv. 2. - 9, 490.

6. - 6, 549. 4. - 1, 402. 2, 266. 6, 25.
9, , 2, 344„ 12. - 5, 160. 6, 291. 9, 214.
12. - 2, 296. 9, 562. 2, 619. 14 - 9, 956. 2, 211.

12- 1, 51890. 211. 2241. 222242.
awmffi6m9mu
· AD 211119110191919. 486·
16.-1909. 2666. 644 2242.
v. 16. - 9, 90. 6, 69. 9, 26. 9, 959.

 

