919 INDEX LOOORUII S. S. ΔΙ) 00919191110911.-111) 9491948. 618

055. VI. Gap. XIII.
9. -9,139. 7. - 1, 1040.
8. - 2, 520. 8, 63. 9. - 8, 626.
14. 19. - 5, 249. 276. 9, 606. 10. - 1, 628. 2, 846. 5, 404. 7, 565.

19. - 1, 455. 555. 1155. 5, 155555. 19. - 1, 499. 9, 995.
5, 545, 5, 91. 9, 999. 9, 945.

18. - 1, 493.

557511. 1. - 9, 940. 911. 599. 555. 5155.

9, 555. 555. 514. 15, 511. 0,, Ι, 1, , 7, 77777, 7, 777, 777,
5. 5. - 5, 545. 545. 15, 555. ,, , 7, 77,

10. - 1, 690. 2, 439. 6, 610. 7, 469. 6, ,, 5, 566, 575,
11· -· 1, 691*- 2, 44⁵*· ⁵· ⁵³2· 9. - 1, 545. 1990. 5, 9991. 555.

cap. vm. 9. - 5, 45. 15, 459. 19. - 1, 555.
15. - 9, 919. · 15. - 5, 554. 555. 5, 555.

¹⁶· ·“ 2³ ²3⁶· (117. 11. 5. - 1, 555. 5, 555. 5, 904.
Gap. IX. 6. - 9, 596. 6. - 8, 304.
9.-1‚999. 5, 909. 9. - 1, 995. 15, 555.
. 9. - 1, 555. 9, 555. 9, 999. 9. - 1, 555. 5, 55. 515. 15, 555.
12 55. - 8. 278 55. 9. - 2, 820.

945· X· 4· - gbffifflbnssffin ¹⁰44 2, ⁸⁶¹· {I ἶ 7, 666 5, 909. 5, 55.

5. - 1, 555. 5, 514. 5, 959. 15. - 9, 949.

8, ..1, 628, 1040⁸ 5, 849. 7, 34, 19. — 1, 486. 780. 2, 691. 6, 99.
9, 608· 19. -· 1, 528. 2, 374.

15. - 12, 678. 20. - 2, 506. 5, 193. 7, 122. 367.

1.
⁰19· 111 {4 ἶ ἔ, ἲ, ἐξὲξ 41· 91. - {⁵ 555. 5, 55. 111155.

ΔΙ) (1116117618.

11, - 1, 299, 2, 17, 5171111. 1 5.-1,1554. 990. 1059. 5, 599.

²⁰· “ ²⁰³ ¹1⁵· 9. - 5, 7564655. 5, 555. 15, 555.
55711411. 1. 9. - 1, 499. 9199. 9, 191. 999. 7,-11,173,

9. 416· 9. 5. - 9, 459. 5, 555.
1, - 1, 551. 599. 9199. 445. 1555. 7, , 7, 777, 7, 994,

8 - ξ, ζζῖ, 19. -1,428. 4551Ι 545. 5, 959. 994.
,ζ,,,;,,,., {2⁸12 71515346159719

12. - 7, 702. 11. - 2, 646. 7, 13.

19· 99· - 5. ⁵3⁰· 1914. 19. -· 1, 941. 545. 5, 545. 545. 549.
91. - 1, 555. 5, 415. 555. 9, 959. 9, 15. 5, 959.

Gap.x111.3.-9,439, 15. - 1, 4951. 599. 555. 5, 554. 555.

4. - 5, 949. 959. 999. 10, 199. {34535933'14sfi2fs ³4⁸· ⁷1 110·

5. - 1, 411. 1. 430· 1. 459· 19. - 1, 959. 5, 949. 555. 555. 555.
5. - 9, 555. 5, 154. 555.

 

