611 INDEX 110006014 S. Β. ΔΙ) OORIN'I'HIOS 1.

Cap. m 0611. X.
18. — 9, 603. 2. - 1, 9621. 2, 966. 1, 125.

2⁰· ’1.83. 9. - 9, 964. 2, 999. 9, 499. 994 9.
99. - 9, 1101. 2,1093. 320. 9, 99. 499. 999.

²³· · 1, 1111· 1· 1111· 1· 111· 111· 1· “· 191119, 919119111911911 1191·

26. - 9, 439. 9. 9. - 1,461.966. 9499. 969.
29. - 9, 1160. 9. - 9, 609. 612.
99. - 9, 629. 631. 1, 999. 9· - 1, 482- Ν

99. - 9, 669. 9, 999. 662. 11· - 1. 804· 1. 191· 9, ⁶⁰⁹· γ
34,..1,.111, 1111, 12. - 9, 499. 499. 999. 9, 499. 499

, . 9,999.
99. - ⁵}ss 6040. 1039. 9, 666. 6, 499. 13· ,- ῗὲὦ Ξῗ561196, 103,

14 16. - 9, 249. 9, 609.
cap.vn1-x. - 9, 60811 11. 33⁷· 16. - 9, 99949. 9, 1021. 1041. 1061. 9.

0919119199- 1666. 9, 994. 9, 260. 6, 119 1991519142 m Μ’ ¹³

4 ⁵48' 9’ ⁶⁰⁶² 99. - 9, 999, 9, 9999. 9, 499. 9, 660.
⁸⁵· ” 1· ¹⁰5⁷· ⁷¹ 181· 9· ⁶⁰5*- 669. 696. 9, 499. 99, 999.

9 9 1193329 99 366 9 326 ω’ “ 5² 266
oe,.ffl.‚=0 nwfflffl9m

⁶· - 1,51·1.·2‚365. 51331· 23. - 1, 999. 9, 621.. 9, 206. 14.
9. 9. - 9, 9999. 9, 666. 999,

0. - 9, 636. 9999. 9, 620. 91- 1, 939, 9, 999. 9, 999.

10. - 6, 644. 26. - 1, 841. 9, 994. 999. 9, 949.
11. - 9, 6062. 61. - 9, 999.

13. - 9, 9994 32. - 9, 611.

Cap. IX. 1. - 1, 164. 2, 614. 099. XI. 1. - 9, 619.
2. — 2, 752. 12, 618. 2.-1, 1063.
4. - 9, 608. 3. - 9, 638.
6-1, 413. 2, 922. 12091. 663. 4.-1,1063. 21060. 9686601.

669. 9. - 9, 999.
0. - 6, 999. 9, 949. 9. - 99, 999.

11. - 12, 675. 14. - 10, 231.

11-99111 16. - 1, 999. 9994. 9, 999. 9606.
6-m62m. lfflffi

99. - 9, 999. 269. 9, 999. 99. - 9, 949. 9, 49. 9, 464
19. - 1, 999. 9, 999. 9, 999. 20. - 1, 1036. 2, 1060.

20· - 1, 1083. 6. 562· 9. 601. 23. - 9, 1011. 2,1039'. 9, 99. 626. 9,
22. - 9, 999. 9, 999. 499. 999.
24. - 9, 499. 24. - 2, 1003·. 9999. 9, 16. 9, 242

,1,- 3, 332· 999. 999.
99. - 9, 999. 9, 626. 99, 494.

99119. - 1, 6042. 26. - 1,1013.
1. - 6, 214. 99. - 9, 622. 10266.

 

