111 5111151518 1552. 514

555555555155 5555551155 55555555 55 555515 555. 1011ᾱί ¹⁴¹. ι
55155 5511555 555555 55555. (1155. du 0555551551. 0555551555. 1155155555 55555155 deposed quung
129 5.) 5515 1515555 15 55155 5 15 porto y 5555155 Μθ 155555
05555 (1) 5555555551 551 5555515 55 555515 un
- Ε51155551 5515551555 555 1515551555 de vendre 555551, 55111ο 1155555 luy 55 fit 155 5555555555-
ds 115555 5555115555. 555. Et 5555155 Ρ15555 855515 15 55 55 555515
propos 555 155 ministres avaient 15 5555555515

1555130. 5511155555 555 5515 55 plusieurs 555555 remons— '

0555151555. Ρ51115555 Β555511155 5 propono 5555555. 51555 15515 855515 515 555 55 555515 5515
55551. 051515 luy 5155 555515555555 5511 155151- 15 5555 5 55 555 55555 555 M· 051515 5555515
1515 55515 151 55 5555155155. Luy 5 55555555 estre 55555515 555 55555555515515515 5511555515 115555
1155111.11.1.11“ξ.11111.11111111152 1111111115511111.111.1“25111111.15111. 11
15 55515 151 pour monstror signe 55 5555555555. Α 55515 oouppe 15 teste: 5515 5515 115 55551555 555
5155555 15 55555 55 peut 55555 55 partie pour 55 55 55555555 555 1515 15 1555 55 5555 155 5555515
555555555151 5555555 pour 55 55555511155 Μ. Gal· 55555555555115 55 fussent 555 555 enfans 55 55-
515 ny 555515 555 55 55551. Abel estoit 5155515555 51555 trop grosse. (1155. du 0555151555.)

555555 luy 55 5555555 5 5155 55 5555555 551 y 55-

5555515 55 55555 55 0555551 55 plusieurs propos -1555515555 5155555155 5 5555555 555 sup·
55511555 15555155 estre 5555551115 aussi 55555 M· plication 555555 55 155555 55555 5 Iryon 55 551 15
Fabri: promet 15 5555555555 55515555 55 55555 55115 55551555555 55 5555 555555 555511155ᾶὶ55. Α
heure 55 5555515155 555 555 5555515 55 55 551515- produit 155 55515 (1) 55 55555555555555511555155.
555515 5555555555 555 055551555. (1155. du 055- 51. 051515 5 555155 155 555155 (1) pour 55 faire
51515155.) 551 55515 .......... . Aurei 55 5 15155 15
rapport 51. 051515 5555 5555 515155 15 55515 551

· 55 .. ’5 ’ 55
1115555155 a Α 21 d 15 5555151555 5555515 1551515555 5555511 5555

051515 55515 55 55551555 d S. Ρ15555. 5515 [55555515 ὰ 15 demanda du mari.

155514- -055155555551155555515555555551555555
05151555 5551 Eduardo 5511111 suam 1155551 1555 555 55515 ὰ 1555515 relatis 55 555555 555
tionem 15 Ρ5. 87. (Ep. 1636.) 5555515555 5555555 555 0155555 5155555. (1155. du
ms 0555511. 151 240 5.)
155555 maistre 5555515 55 515155 55 555 55555- 1555555517.
11555 551 5515555555 1555 (1555515 55 5511 555 obligo 051515 benit 55 55551555 d 8. Ρ15555.
5555555555· 55555511 555555 55555 5555 55 55515.

(Req- 5155 crased fol. 233.) 15551 28.
Sur 55 555 M· laques 51515555 5515555555

155517. 5 propone 555 5115555555 11 55 5555 55515 55555

0551555155. A propone Μ. 051515 555 11 5 5555555 55 5555555 155 5555515555 5555555155 555
5515555 55515 5555555155 Β555511155 5 55 15155 51· hoya Bourgois ny 55515 5511 5 myst 55
555 51555555 551555 55555555 555515 55555515 55555 du 8¹ 55 Bere: 115 5555 55 propos 55 faire
15555 55 51. de Rogemont 55 551 5555151555 55 imprimet 155 5555551555 5555515555 555 51555555
155 5555 5555 15515 155555555 555 15555 Β55- 1555 premier 55555 55 55551 55515 5555555551555

5511155 pour 555515 15 forme 5555 551 5551555 15 8¹ 55 Β555 55 555 55555 555 y 551515 5555-

5555 55115155. Ρ515555 promptement ledit Β555 555 5515555555 pour 155 5555555 55 5511 55555
11555 comparant lequel 5 55555555 551 55 55555 5555 faire 5555 1155555 5555555 11 5 555515 555-
555 5555 5515 . . . . 55 55555 vray 555 11 luy 1555 tenu mettre 155 15551555 155 555. Arrepto 555 5555555
5551555 propos 55 15 55555555 55 5555555155 555 5555 55555 551555555151115555515555555 (1155.
bem 5555 55515 Β’55 Rogemont 55 ny 555115 55 0555511. fol. 247 5.)

promeae. (Q du Oonrrstoire.) 555555 55.

5155555515. M. 051515 55 11 115551 Sont 5515 noys
051515 55515 rm 55551555 ὰ S. Pdeme. premierement ledit 051515 55 5555555555 55 55

earm 5555 m 555 55

 

