701 eANNAIAES 1558. 706

dernier 6116 de 1161616 1166116661 1666 166 16616166 Vanurudi 30.

116 memeque 61166 1661111166 ,1666616 061. 1119.) Sp. 16166 Fabri 16661611 16 166 donner 66666
161161 61666161 161666116 66 16 papante 6661661 66

6661166. quil 1 ost appele. Acerrae. (1166. do 0616611161.
11661661 6666 666161161166666 1666 1661 6611 298 ν’)

16 1616661616 611616616 61 661166 6666661 6 16 pre· OOTQBRR

miore (11161 1111611116) affin 666 616666 6116 6666111166 6Μῶ 10,
61666 Ι)166 6666 6611161616116. Oe qui leur 6

bion Pleu· (Ray. du Coma· fol· 295.) 166661 1666 Μ. 061116 616 16116616 16 me·

moire de 61616611 6 oo 666 6616 66161661 611166
, 16616611666161666111661166 66666 166 6116161166 166
M ²⁷· quiln ne 6661661 666 666661. Arreste que les Sgrs.
11. 1116. 1660611616 161666111606661616116 1616 chambre dee 66166166 66166611 11 661 oom-
6 6166666 666 1661661666 166 superfluitas 61 61666 mys 1666611661 16161166, 16 61661661 666 6616 66661116.
66616166661 entre 666666 116616116116661 tellement Leulit Sr Calvio a 66661 6166666 666 166 Η66-
666661 66 moyen 661 16666 grand seandalo 661 66666111666611666661616616166661111166616616
autres 6616666 66666661166161 6116611666166666 16166116666161666 66 temple 8.(16161616 pour
161161666 6661 666616111611 66166611 61666 nont 66611 16 6616116 16 Ι)166 66 1661 166666 166 6611
servies 6666666 16166661166666 16616 1661116 61666 6666 homme 666166 16 16666 conversation qui
saugmentent 16 1661 en 1661 61 6661 1661 66 ha· leur 616661616 (Amarda). Le 14 1166 (lallare pre
1111 666 66 16666611 6111661611 66661 66161111 6661616166 Purirre (Pierius.²) comme ministre qui
66 nest pas 1661 661 hommes 66661 16616166 666 preste serment.
oola 661 1611 6 166166116 66611166 6611 6 66661 16 Plus a 6166666 666 111661 661666616616 66166
6661661 1666611661 661 1166 16 6166 1666 161616 66616111661 161166166161166 166 6166666 61 661 61-
1611116 66161616661661161661166611111616616166616 6611661 plusieurs 6661 66116 16616616 61 166666 61
66616666166 61 61661616 6661616 166 6116661116116- 66166 66111 661661 666616 66 1616611666111 16666-
66166 16166166 eutortillemens 16 6161661 61 661166 1666 6666616616111661 166 6166666 6661 166 66116·
6616116166 666661166 166 16611666 66 616166616 66 166- 16611 6661661 oe qua 6616 166616 61 6116616 66 16-
661661166166116616611 66661 1661166166 661 (666 666 16611 61666166 6611 6 6166 666661 66166661 666116
61611166666 661 616666 166116 1166 66116 mena- qui 661 1666 16 hosanna 61 6161666 666 66666 6661
6161) 66 16666611 61611 661 66661166 16 16116 nop- 6611111661 6611 616661 6 1166616616 166 6166661 61
66666 1161161 66166 6661 66 61 616616 6666116116 166661 6661666 61666 6661 11116. 11666661 11661616·
que 6661 666 moquerie laquelle mesmes 66 6616 bre 166 comptus. (1166.61110661611.161. 302.)
66616116 66116166 666666. Et 61 1666 6616611166
-6 fait 61666 1661116 66 16611 16116 161661666. 01 - (161616 6666666 611 (1661611 16111616 de
166161661666166116666116166161166166161161 Β1666116 quilii Lauernae. (Ep. 2957.)
quelques 166166 6166116661 666 61 6666661 66616166
6116611666 66 61116666 111 661661 66 166616166666 1118111111
666116 6666. Ρ616666 1666661616116 66 6116111616 166661 66116 16 16116 61161 166 6611161166 61
61161111116661661661116 quil 1661616166 6 6111661 66166666 661 66 66116661 61 16611661661 61 6661
161661616616166 66 66611 1661 6 6666 reformet 616161616 1666611166 61166666 661 les 611611 61 661
66611616616166661 il 6 6616 6661666 oommeuoe· 6116616 666 16166 661 661661 661116116 6661 16 pre-
1666166 6661666116 16 mieux eu 161661 61 Ι)166 6116161666 661661 666166 6 16161166166611116616-
1661161666116. 1116616 6666 6 6161666 661 moyen 1661 161111 61616 61 61166 1616616661 66 6611611661
16611666616616166161616 66611661166 faire quon deux 1666 661661 61111666 61 11166666 661 16 11116
66161166 6166 166 1616161166 6661 1166161 quelque aooompagneee de la iustius et trompetto 61 6666
166 616666 61 6616666161 161166 superfluitas les· apros estant 161661611 661616666 6616116616 66666
quelles 6666611661 plusieurs 61661 61 66611166661 666 1616 666616 611116616 6666 166616 66166 lexi-
6166611 666161661166 6666 616666661 66611616 6116116 66666 16 666 6616616 166 661166 orimes.
16111166 et sont 66666 16 16 16611661166 16 plu· 166 66166116 1616166116 16166 1611666166 16-
616616 661116 16 611661661 66661666 Ι)166 6 661 6166· 166166 666 16616 6611166 161 6161666 161 66 1616661
1616661 6116666 61 16666 61661616 exempla 6 6661 116166166 666 166661666 616666161661661166661666
661661 meilleure 1666161166 16 6666 666611616- 661611111661 1161111666 666 16 16166166. 116166-
6661611611666 16 6116611666 611666 1666111666 61 1666 666 66 16666611 66 611 6166 16611 16 11666
1166 1616111166 66666616 66 616666 6 Dieu. (1166. 166666 616 6166666 16666 6166 16611 16 66116
do 0666611161. 2916.) 6161161661611661666666 66616 166 61166 66 nne

06161111 opero. Vol. XXI. m

 

