543 ANNALES 1553.

6ωῶ 8. 1111111111.
1616166116 ὰ 11616616 (16 0666161666. (1166. Lundi 3.

16 0011131011) Sus 166 1666661166666 666 11. 061116 61616166
mmmm ιι 11111.11111111611111111111 11111111

0611111 111111 mast ὰ S· Pim- 16666161 11166166661681116616666161166661166661
1616116661666 16 66611 661 6161661 6116666 616616

ΜΘΜ111611 6611 VI 1611 161 1661616611 6111666111 116 3111162368 rlffipfm οι lon y misem (Q du cm

June Gray.

Jouffl 15· 11611111 6.

(1666616116. Le Β* 161166 Ρ1111111611 Β6666. Rem 11661166 1111661166 VI. 66611161. (sp.
A 66 16 6116166 16 S* Amy 11611611 16 166 16116 1761.)
166 16616661166666 16 66 6661616161616661 11 166661
la 6666 6666 66 66116 1666661116 66166661616116 166 - (1616166116. ,1311616666 11166166 (11666611 616
1101111110611116011661111111161 16611661111161116 (1118111611 1111601ἠ 1111 161181161161111Μ 1111111611116166111 1111111
vivre 66 bonne sorte? 1116666616 6661616116611666 666 6661611 16 6666 61666166 61666166161 61 6111166
66 616616 16666616 61166616616 661 661 61166 16 6161166161 16 1661116 66 66161 ..... 61 6666611661
611666 66 166116616 616116 666 16 66616 heure 66 1616616166116611661111661166666616111116111166616-
61661 6166 66616611 666166661666 661 166 66 166 11666 61 161166 61616611661166 ....61666 611 6 61611

16 1666111161 1616611166616616 61666161 661 16 66616 61661166 61 probation il 66 61611 66161 16 6661166 ’
heure 66 6166111 66 6161661 6166 returnar 161 6616 661166 61 666 6666 61666 16 661666666 16 666116
6611 6616 6666116 61 66 16611 166666116 6611 61611- 6661616661166 6166611166 ..... 661611 6611166116 ,
66661661661686166611661166116111161661661611661 16611661 ...... 61 666 quand 611 161 1616611166
66661 6611666161661166616616 16166616 66116 161616 remaneas 61 11166111 61 166 61611 166 16 16611161

61661 Μ666161116 ...... 61 666 166 6116161166 66 61 66661166 11666116 1666111616 6616616, 116611616 Q
sont point 166 6116666 61 66 66 16611 166666611161 1611616166661161616 6661611 16 66661 61 666 6661611
61666 eulx oar il 66 6661 1661111 6661 ..... 111 666 666161 61 66616 61 661166 616666 66611611 ¹
66 6116666616 1666 66611 661 166 6611661666116 061116611616161616 1661661161616. Α 66616616 1
1116 6611 66161166166116 (166616 666 tous: 61 66 avoir 1161 666 66616 6666 16 6116111 (16 bien 16116
1661616661166616166111666666116661661666166161116 61 661166 1661 666 baller 16 666166 66 61611161
16 66661616616 61166 61161611666 (1116 661116611166 6616 16616 aussi 11166 6 6666. 1111 quant 661 666116 6
161611616616666111661611666166161666111666- 16166 66616666 bien 666 166 11611661 661 166 616
66111616166116 16 6666 6116 16166166 166 66116 en· 611616 6661161 61 1161611 6666116 langue 61666161
1666616116 166 6116161166 66 6661661661 166116 66 hommes 1661 1616161 6 1661 6161611 . . . . . 6
6166 66111 166166 61 166116 616666 1616116611 6166· 11116 666 166661 666 1661 16 1616 66 16661161
666 6 61166666. (Req- (16 0666161616.) 1661666116 61 6611 66 66 61166116 16 666161 1616
166166 16611166 666 1166616616 66 661661 61161111
vendrodi 1⁰· . . . . pour 66 6616611611116. (116616 0666111611)
Sus 66 666Μο 111616 616 66666116 666 ,
1661661666 616166166611 66111011616161661 - matres 11616166 deposeat contre 161 161116
616611616 61116616616666116 11166 61161161 161661 6616616111666161616168.Ι61166 6611111 16 ff
16 666616 616 6666166661661 1116616661166116666 666111 16 6116616661 . . . . 61 661 6111611611 6661 ¹
61611661666666 66111616 11616 16 6116. (Ray. (16 dit 611 61616 mistam ὰ 061616 6611 66166161 1
0666611. fol. 98.) 1616611 666616 16666666 66 61616661 16661666 66· ’
1666 61661 666 166661 66 6661166116 61 6616116 1
D¹ffl³¹¹⁰¹¹0 ¹⁸· ¹ ἱ 161661661616 616666166 666116661166661516116 1
06116166 661 16616111 a 7661616616. 61666161 666 6161166 (161116 ....... 116 aum
, . 11616161 rappodo 16 propos dans 66116 [61611.Ι quil 6
-— 061666 11611 un 6161166611 S. Pierre. 61611166 gens qui 6161661 61 166 gens quon 116
61611116661611111,11
(1116111 661 6616116111 imprimar Ι16 66616- 61661661661116 61 bon 61116666 16 1111666661
1116666 666616. (1166116 0666611. sol. 101.) 661666. (ibid).

 

