37 INsmuon'loN ΕΦ OONFESSION DE FOY. 38

011110101 1010100001 10 1001010000110 00 00011 10010 1000000100 none 0 001011 nomme 000 010-
rien 0101110 1101011) sinon 1011101011 10 000110. minin 00110 en 000 10000010 quand 10100110101
’1001001010 01 00 1001111000 portant· pensor qne 0011001 11000100101000000100, 0 0001011001 10 00-
11010100 000110 nomme 0011110101 001 1100000110 110- aurite nontin 00 100οο000001Ιο 10οΙ00 0001000010
100101 001 il penho dnn 0000001001001 101010010 0000. Gar 1010 nous 00010100οω00 0 0010101 100
1100 01010010 0100011001) 11010 00100 000 0001 0001100 0101 10000010 000010100100101001 fiennon
10 0011001100 10000 0100110011 011001011οο hayno 0101100101 00 10110, 01 0000 qni 100001000 00 noun
10010 1010011οο 10 Dion 01 100110 0011 0011011001 mesmes conspirans 00 80100001. 111 nunni 100110
00 10010 000000 101001, 110011101001011000 0010- 0011 00 Ρο10 10 011001100110, 00101100 que 000110
00000 libre 10 001110 10 1100 01101001, 00 quon 10100110 010111011 1100 00110 011000, 1001001010 00100
000011010 1110101 0111110. 00 benignita 100001101Ιο il nn 100001101010010110·
100010 nous 01001 0111001 010010000101 0011010

11100000 quii 00000101 00110 expedient 0 000110 im·

Du peche 61 de 111 mort. 100111110, nous 1000011010110010 1101010 1000, 10

mort 0 110, 10 10100 0 00101, 10 10000 10 diablo

110 00010 00111001101010 001 0 00110 tant 10 0 00010000. Pnyn donnq 000 10 seigneur 01110·
0011111,111111111101101 1111111111011110111101111
111011 001 00 0010000101 100 1010000101101010 100- 0001 0000010110 001100 110000001011000101101001
00111 00110111 10 000 0001111011 0010100 0001 11010101- 10 puin· 10 10010 000 01, [tin] 001001 00111010 01
100, 1010100, 010110100 01 100 0011100 10 10110 100- pinques ¹⁸) 0 01011 0101010 10 100, il 0000 0100000
0 11000 010100 on

01010. 1100010000, 00010010 10010 1001101010 00 0001010000111001001100100001
10010, 00100000 1000 00110011 0 liro 01 1011000000 00010 000001000000.

10 Dion. 1101000 1010000 010010 noun 0100000110

001 nous 10001οο10 0100 01101 1000111001 10 Dion.

1110011010001 001 toute 1100110 110 noun 1001000 ΒΘ 111110] du seigneur.

1010110010 0100 01001 0 10 01011 001 011 ny 0 ,
00111110 100110 qne 10010 iniquita 00 0011 0100111110 1111 11 1111 (11111111 111111 111 (11111111 une 1100·

0 101001100 10 Ι)100 , que 001000 0000 01100110 10 11111111111 111811 (11 111111 11111111» 11111111 1111 1111111
10 1000101100, 0000 minei-ables qui 00100100 op. rnyson 00 00011000011011010100110 1010010 108010-
imi iiiiii‘siiissiiniiin 111111111ιὲ1 1111111111 »111111111113111111
0110 00010110011110010001101 00010 0001011001 0010· 11 1111111111 11 111111 1 1111111111 111111111111111111·
1100 000110 011010 11010100 10 1011οο101 10000110 1111111111 11111 111111111111 111 11 11111111 11111111 1111
10 100000011, 1001001010 01100000 00100000ιο110 011111 111 1881111111· 1111 1111111 11111 11111 111 1111111 111
qno 1001001111 10 000110 0100101001100, 10100101 10 11111111 1111111111 111111111111*111111111111111· 011111 111
0, mnfiffloe (ιθ nom-0 propre vel-tu, ,0ροώο ,10 10000000 0100100 0000101101ιο 00011010011100111
10010 00000101100 10 110, 0001001000 001 liutolfi. nous en 10011 010011000100101110100010001 110101
0000010 000110 00011010 misere 01 ignominie 10 111111 111 (11111111 1111111111·

0000 0100101001 101001 10 80100001, 01 001 la 10·
000001000οο0 10 000110 iniquita 10001000000 01001-
11110ιί luy donner 10010 010110 10 0011101010 10110
010001

monn 10.

101001101000110111101001100 tyram
1010101101130001001101010000001000011110
0011110001 nous 00011000 100111οθ0 0 00101 Tu 101000 point 110 aym 01000101 devm 00

01 110. sm

Ρο1 00010 000001000000100000, 10000110 11000 111 1111111111 1111111 111 11 11111111111111111111
monstro 000110 00001 010100 0001001011000100- 1111111111πο 0101000 001 10010 10 Loy: 00100001
1100 en non 000010, 0000 001 10101 100110 00000 0 1111 ,1111111111 11111 11 8111111111 1111111111111111111

010111011000 000001000000 1011100. 111 plustost 11111111 11111 1111113111 1111111111111111111111111
00 nommnndomnnt nqnnl 0101000000 001 1000,

01001 commo 111101 001 000οω010101 Si 10 0010

η ambit voluntate 01000001001100. 11) Lo 101111 dii mium 0101100101.

 

