099 INDEX LOOORUM S. S. Ach-AD ROMANOS.

091111911. 0311. XXIV. 11. - 20, 990.
24 ss. -- 1, 921. 2, 333. 9, 33. 9, 12. - 1, 1114. 21103.

605. . 15. - 1, 682. 2, 741.
21- 1, 289. 291. 2, 43. 47. 62. 16, - 1, 641, 2, 624, 669,

28. - 1, 512889. 2, 31. 43. 140. 26, ,, 20⁹ 551Ι
145. 148. 5, 202. 7, 179.

1⁸⁷· 8· 348· 008· 01311111. 10.-1,1114. 2,1109.
ἓῖᾘῇῗῇ, 04Πη10333

m. - ,, ,29. ., . 11:919:

Gap. XXVIII. 11. ·- 5, 265.
0111). ΧΙΧ. 199—1, 116. 163. . 16. — 1, 604. 2, 821.

333. -917,2,961 sq. 9670. 2, 966. 25. - 1, 488. 2103. 8, 290513.

5. - 9, 765.

6. — 1, 571. 2, 787. 7, 21. 628.
11, - 1, 102, AD ROMANOS.

13. - l, 1085. 2, 1083.
19, ,, 7, 539⁸ Gap. I. 1. - 1, 680. 516. 2, 358.

10 5 179 2. - 1, 803. 2, 314.

3. - 1, 313. 2, 343. 330. 3,
11. -2, 132. 313. 1, 109. 8, 432. 433.
13 91. -- 1, 566019. 2132. 077· 10, 167· 170·

20. - 1, 999. 959. 919. 2, 133. 4· - 1, ¹081· 23801082 ,5.
131. 313. 1, 413. 9, 339. 392.

21. - 1, 999. 999. 2, 433. 431. 1, 10131113,
203. 3.- 1, 433. 412. 2, 402. 414.

29.-1‚ 999. 919. 9, 212. 299. · 421· 7· 000· 601· 12. 676
299. 9. - 2, 299.

29. - 1433. 321. 999. 119. 1099. 2, 11· - 12, 614.

99. 354. 492. 539. 782. 7, 14. - 5, 289. 7, 50.

gig: ⁷31· 4829, 50549· 929619 16' “ 2366932 92,' 21142] 41814331
29· - 1, 041· 1052 ⁸9· 2, 860. 9, 919. 113. 299. 9,19. 192.

4w mmzmmw

³⁶·'⁹=⁵⁸⁸·⁶⁰4· 11.-14104. 142. 2, 424640.
03321111. 23.-10,100. 7, 600.

24, - 9, 666, 18. - 9, 281. ·

26, .. 6, 661ο 9, 5993, 19. - 1, 286. 289. 2, 42. 52.

099111111. 1. - 1,1114. 21103. {1 ἶ ξ’ ἐξ

Gap. xxm. 9. -1,113. 22. - 2, 99.

3. - 1, 300. 2133. 3132. 1, 23· - 6, 55. 550.

113. 24. - 19, 613.
12. - 2, 926. 25. - 6, 411.

29. - 9, 413, 23. - 2, 190. 9, 334.

 

